2746317214
478163328
107420370
3184935164
1181241944
1051802513
958682847
599310826
3163119786
440213416
2906402158
3181143732
3831882065
2342331445
373399427
2536146026
1812140442
136505588
127978095
402418011
939042956
999270937
2170484434
2585650757
113971124
2410529191
854001194
3075280818
2791232394
3012167821
2340505847
1801823909
946785249
1929338155
2530876845
1194819985
3476477324
3733616460
27911968
3259052812
3460967358
685731525
2998485883
1815115026
1461364855
1193448330
667779377
924765564
4111198820
3279182319
1445662586
438989806
398340370
1631775358
415393688
1541804687
3639960596
1477278578
2592983556
1136108455
3466589568
186618212
3134174161
1973214823
2303082118
536124281
4179500365
3961228450
1625792788
338444265
2370996466
1259191106
3562265907
2699987375
2656522107
3802986288
3701002946
1553210609
2479708608
825873197
3026113009
298737107
196814234
2840104346
978815631
3320303243
1242911822
4231494221
342703922
3673561639
999829241
3721519027
433797841
1632629720
1193887546
1947382420
2730243888
3582477023
1566942274
698594026
